15 20
2  2  3  5  7  9  11 13 15 1  1  1  0  0  0
0  0  0  0  0  0  0  0  0  0  0  0  0  0  0
2  2  2  0  0  0  0  0  0  0  0  0  0  0  0
0  0  3  0  0  0  0  0  0  4  0  0  0  0  0
0  0  4  0  0  0  0  0  0  0  0  0  0  0  0
0  0  0  0  0  6  0  0  0  0  0  0  0  0  0
0  0  0  0  0  0  0  0  0  0  0  0  0  0  0
0  0  0  0  0  8  0  0  0  0  0  0  0  0  0
0  0  0  0  0  0  0  0  0  0  0  0  0  0  0
0  0  0  0  0  10 0  0  0  0  0  0  0  0  0
0  0  0  0  0  0  0  0  0  0  0  0  0  0  0
0  0  0  0  0  12 0  0  0  0  0  0  0  0  0
0  0  0  0  0  0  0  0  0  0  0  0  0  0  0
0  0  0  0  0  0  0  14 0  0  0  0  0  0  0
0  0  0  0  0  0  0  0  0  0  0  0  0  0  0
0  0  0  0  0  0  0  0  18 0  16 0  0  0  0
16 16 16 16 16 16 16 16 16 16 17 16 16 16 16
16 16 16 16 16 16 16 16 19 16 16 16 16 16 16
18 18 18 18 18 18 18 18 18 18 18 18 18 18 0
0  0  0  0  0  0  0  0  0  0  0  0  0  0  0
